image:
  width: 752
  height: 480
parameter:
  fx: 461.58688085556616
  fy: 460.2811732644195
  cx: 366.28603126815506
  cy: 249.08026891791644
  k1: -0.012523386218579752
  k2: 0.057836801948828065
  k3: -0.08495347810986263
  k4: 0.04362766880887814
