image:
  width: 754
  height: 480
parameter:
  fx: 377.752
  fy: 376.109
  cx: 379.981
  cy: 242.823
  k1: -0.163622
  k2: 0.00684243
  k3: 9.63282e-05
  k4: -2.19791e-05
