image:
  width: 752
  height: 480
parameter:
  fx: 348.112754378549
  fy:  347.1109973814674
  cx: 365.8121721753254
  cy: 249.3555778487899
  alpha: 0.5657413673629862
  xi: -0.24425190195168348
