image:
  width: 752
  height: 480
parameter:
  fx: 460.92588889854693
  fy: 459.59327980206865
  cx: 365.81762690405503
  cy: 248.93674967920276
  alpha: 0.5864679700626143
  beta: 1.139248617863534
