image:
  width: 752
  height: 480
parameter:
  fx: 459.2595646276051
  fy: 457.7579979599497
  cx: 366.021259576013
  cy: 248.29906707021513
  k1: -0.2895683327836746
  k2: 0.07964702146041833
  k3: 0.0
  p1: 0.00033877669379945766
  p2: -2.1638533618181003e-05
