image:
  width: 754
  height: 480
parameter:
  fx: 293.66718737566299
  fy: 293.66718737566299
  cx: 392.21950838864802
  cy: 243.49443847635101
  alpha: 0.30269471314952512
  beta: 1
