image:
  width: 754
  height: 480
parameter:
  c: 0.99999999971578291
  d: -0.30678720572171481
  e: -0.13297477714183467
  cx: 260.00448967566558
  cy: 242.82300000000001
  coefficients:
    projection: [268.68594006061159, 7635.2886028798121, -235471.12266461729, 3658338.7354806047, -33742244.027251214, 203005772.63823754, -842272710.27012074, 2485163412.3587956, -5269486413.6171751, 7911152618.4613571, -7829663538.3866911, 3594125325.7242656, 2699103874.6068411, -6897334197.1290493, 6939769965.1143513, -4372845368.6379585, 1837250753.4034579, -503540832.6527428, 81900856.659461439, -6017853.0579555891]
    unprojection: [2299.2676039600997, 316.84622135420767, -1510.8957907115932, 2207.1770338427573, -1301.5909180889259]
