image:
  width: 752
  height: 480
parameter:
  c: 1
  d: 0
  e: 0
  cx: 359.95647851254392
  cy: 243.69170565516458
  coefficients:
    projection: [287.66810598847013, 139.550636182353, -13.946736722903555, 24.186388731901754, -21.411308342829724, -95.55264074080705, -197.03608928312701, -263.17406771204446, -182.44935918414021, -39.42335860260431, 22.413477030079818, 14.671239188862641, 2.4425543063368229]
    unprojection: [-207.12845858882969, -0.050152783732965923, 0.0026439316764327384, -6.6674645080191494e-06, 2.3581012890420726e-08]
