image:
  width: 752
  height: 480
parameter:
  fx: 322.83921444778548
  fy: 323.20568807924241
  cx: 359.83004673308034
  cy: 243.61357594825958
  alpha: 0.98180133808475789
  xi: 0.54308577626527277
