image:
  width: 752
  height: 480
parameter:
  fx: 325.37696725727852
  fy: 325.74105902933013
  cx: 359.82995715461226
  cy: 243.61313455344279
  alpha: 0.98631805578525567
  xi: 0.55502243130847873
