image:
  width: 752
  height: 480
parameter:
  fx: 209.55362343476324
  fy: 209.79409075222341
  cx: 359.83008291319334
  cy: 243.61394064599591
  alpha: 0.69117142386972641
  beta: 1.1218656643828924
