image:
  width: 752
  height: 480
parameter:
  fx: 209.59655884639955
  fy: 209.83331005076337
  cx: 359.82995333932519
  cy: 243.61342985388555
  alpha: 0.69007512999613818
  beta: 1.1251588019629881
