image:
  width: 752
  height: 480
parameter:
  fx: 207.80160746623932
  fy: 208.03589206893787
  cx: 359.82991415117499
  cy: 243.61144870873036
  k1: -0.024177982258138626
  k2: -0.02468060856551476
  k3: 0.0067980292813516101
  k4: -0.00028741698165920014
