image:
  width: 752
  height: 480
parameter:
  fx: 207.79838833735636
  fy: 208.03239552737728
  cx: 359.8300601872748
  cy: 243.61156887390362
  k1: -0.024077689212985032
  k2: -0.024860034786486459
  k3: 0.0069172289086722079
  k4: -0.00031366178869251014
