image:
  width: 752
  height: 480
parameter:
  c: 0.998870
  d: -0.000169
  e: 0.000110
  cx: 359.829671
  cy: 243.611488
  coefficients:
    projection: [287.968301, 140.087942, -12.679484, 29.016357, 3.937199, 0.391479, 12.889536, -0.943428, -7.307169, 1.284518, 3.303587, 0.812912]
    unprojection: [-2.093037e+02, 0.000000e+00, 2.216175e-03, -5.122558e-06, 2.149945e-08]
