image:
  width: 752
  height: 480
parameter:
  c: 1
  d: 0
  e: 0
  cx: 359.82883437953348
  cy: 243.57605875645669
  coefficients:
    projection: [287.79644406563506, -140.20537987875173, -13.723590802804756, -24.128382305665873, -19.888005483878647, 91.861976547718896, -191.53641357251706, 261.95544429975689, -191.51490912095474, 52.841167941313287, 13.950897185367786, -12.079838906359134, 2.1268649366541537]
    unprojection: [207.63556320761222, 0.048838668475609213, -0.0026788764074477667, 6.785380612913995e-06, -2.3549034592123685e-08]
