image:
  width: 752
  height: 480
parameter:
  fx: 207.17775333427448
  fy: 207.33466112011371
  cx: 359.82973840481839
  cy: 243.61462952738029
  alpha: 0.7285914858443876
